0.000000000000000000e+00 1.229193429644316500e+00
8.333333333333333200e-03 1.278227157112229500e+00
1.666666666666666600e-02 1.121820761949924100e+00
2.500000000000000100e-02 1.285393116080683700e+00
3.333333333333333300e-02 1.225304149577911300e+00
4.166666666666666400e-02 9.915666264631929300e-01
5.000000000000000300e-02 1.202971979492154300e+00
5.833333333333333400e-02 1.024361360504961100e+00
6.666666666666666600e-02 1.117650609860102200e+00
7.499999999999999700e-02 9.642458232578078300e-01
8.333333333333332900e-02 1.210154718460421300e+00
9.166666666666666000e-02 1.238444250462434400e+00
1.000000000000000100e-01 9.624025962333069300e-01
1.083333333333333400e-01 1.195945996541329500e+00
1.166666666666666700e-01 9.580543156664733700e-01
1.250000000000000000e-01 1.140742161955876900e+00
1.333333333333333300e-01 1.162096307251119000e+00
1.416666666666666600e-01 1.160446952226621000e+00
1.499999999999999900e-01 1.160792101980036700e+00
1.583333333333333300e-01 9.580109998033494700e-01
1.666666666666666600e-01 9.786334749275075200e-01
1.749999999999999900e-01 1.003541083941446000e+00
1.833333333333333200e-01 9.525130084917879900e-01
1.916666666666666800e-01 1.073131133795221600e+00
2.000000000000000100e-01 1.114178987780339400e+00
2.083333333333333400e-01 1.013354391180624000e+00
2.166666666666666700e-01 9.565950210059295200e-01
2.250000000000000100e-01 1.087370496488443600e+00
2.333333333333333400e-01 1.157563400259393300e+00
2.416666666666666700e-01 1.139885307283078100e+00
2.500000000000000000e-01 1.014232674286172900e+00
2.583333333333333600e-01 8.911634917046320500e-01
2.666666666666666600e-01 9.779048090102818700e-01
2.750000000000000200e-01 8.598099545429513900e-01
2.833333333333333300e-01 1.091724633359325800e+00
2.916666666666666900e-01 8.768565056510465600e-01
2.999999999999999900e-01 8.324760419973832300e-01
3.083333333333333500e-01 1.024872370739709800e+00
3.166666666666666500e-01 1.100275582216435800e+00
3.250000000000000100e-01 9.899778799523624200e-01
3.333333333333333100e-01 8.694535226635773400e-01
3.416666666666666700e-01 1.079954049550853900e+00
3.499999999999999800e-01 9.993098677514037400e-01
3.583333333333333400e-01 9.579270906726411500e-01
3.666666666666666400e-01 1.088122740824377700e+00
3.750000000000000000e-01 9.173398303965998300e-01
3.833333333333333600e-01 1.204925125575711000e+00
3.916666666666666600e-01 1.252926350439876400e+00
4.000000000000000200e-01 1.134468726465600200e+00
4.083333333333333300e-01 1.289689119078355500e+00
4.166666666666666900e-01 1.423545807595405500e+00
4.249999999999999900e-01 1.206901418334395600e+00
4.333333333333333500e-01 1.503244897259129700e+00
4.416666666666666500e-01 1.391639702750133700e+00
4.500000000000000100e-01 1.435981610477252000e+00
4.583333333333333100e-01 1.651354435931840200e+00
4.666666666666666700e-01 1.706933332061519000e+00
4.749999999999999800e-01 1.678354977326696100e+00
4.833333333333333400e-01 1.800370417703784000e+00
4.916666666666666400e-01 1.733963215776028700e+00
5.000000000000000000e-01 1.679289050516881400e+00
5.083333333333333000e-01 1.742186040235838500e+00
5.166666666666667200e-01 1.734937876077322000e+00
5.250000000000000200e-01 1.790634608450828700e+00
5.333333333333333300e-01 1.674439774406699000e+00
5.416666666666666300e-01 1.531375739027080100e+00
5.500000000000000400e-01 1.637191213081854700e+00
5.583333333333333500e-01 1.491931327268665400e+00
5.666666666666666500e-01 1.259982164875638400e+00
5.749999999999999600e-01 1.384487843588136500e+00
5.833333333333333700e-01 1.193942847883420600e+00
5.916666666666666700e-01 1.211959109835719400e+00
5.999999999999999800e-01 1.244909627791058500e+00
6.083333333333332800e-01 1.222346128261917200e+00
6.166666666666667000e-01 1.408152065988147900e+00
6.250000000000000000e-01 1.392286827877116600e+00
6.333333333333333000e-01 1.249493321185928700e+00
6.416666666666667200e-01 1.423938516791529300e+00
6.500000000000000200e-01 1.570756400263670200e+00
6.583333333333333300e-01 1.583883598840670100e+00
6.666666666666666300e-01 1.637578642399314200e+00
6.750000000000000400e-01 1.551895078415725700e+00
6.833333333333333500e-01 1.551550637193322300e+00
6.916666666666666500e-01 1.665510412920530700e+00
6.999999999999999600e-01 1.701208177177900400e+00
7.083333333333333700e-01 1.610438009134656000e+00
7.166666666666666700e-01 1.670049596047726000e+00
7.249999999999999800e-01 1.421789402982960700e+00
7.333333333333332800e-01 1.383935195441187800e+00
7.416666666666667000e-01 1.232625097319211000e+00
7.500000000000000000e-01 1.233731651495424900e+00
7.583333333333333000e-01 1.263854248363101700e+00
7.666666666666667200e-01 9.923046969998021700e-01
7.750000000000000200e-01 1.083825230748696600e+00
7.833333333333333300e-01 7.943933628386273800e-01
7.916666666666666300e-01 8.464308876777426600e-01
8.000000000000000400e-01 7.462115057640808000e-01
8.083333333333333500e-01 7.737223711488006000e-01
8.166666666666666500e-01 6.582167495331013900e-01
8.249999999999999600e-01 4.623856057975117600e-01
8.333333333333333700e-01 6.281854689493641100e-01
8.416666666666666700e-01 5.446892413699545600e-01
8.499999999999999800e-01 5.896281601463289100e-01
8.583333333333332800e-01 5.388385867773498600e-01
8.666666666666667000e-01 5.206158178740770700e-01
8.750000000000000000e-01 3.764856946267535200e-01
8.833333333333333000e-01 4.864693073605452800e-01
8.916666666666667200e-01 4.692646481813413900e-01
9.000000000000000200e-01 4.019019329535304400e-01
9.083333333333333300e-01 4.410417976885986400e-01
9.166666666666666300e-01 3.646861522096971900e-01
9.250000000000000400e-01 3.853830571871071900e-01
9.333333333333333500e-01 2.930373974039237100e-01
9.416666666666666500e-01 3.635937904898953700e-01
9.499999999999999600e-01 1.732178973706230400e-01
9.583333333333333700e-01 1.960556929106807600e-01
9.666666666666666700e-01 1.111249148617068600e-01
9.749999999999999800e-01 7.197725726065898300e-02
9.833333333333332800e-01 2.066865056055975900e-01
9.916666666666667000e-01 3.146304061145328200e-02
