0.000000000000000000e+00 1.060349651507865000e+00
1.000000000000000000e-02 1.245228319718283200e+00
2.000000000000000000e-02 1.240967025563323200e+00
2.999999999999999900e-02 1.021925366095380400e+00
4.000000000000000100e-02 9.933120647053193000e-01
5.000000000000000300e-02 1.232144782199930100e+00
5.999999999999999800e-02 1.041147641025433700e+00
7.000000000000000700e-02 1.228724176182025100e+00
8.000000000000000200e-02 1.055539859765318700e+00
8.999999999999999700e-02 1.097886523847353600e+00
1.000000000000000100e-01 1.076691234154587800e+00
1.100000000000000000e-01 9.518393530972183400e-01
1.200000000000000000e-01 1.138646217668404000e+00
1.300000000000000000e-01 1.172313571927782600e+00
1.400000000000000100e-01 1.045428762719520700e+00
1.499999999999999900e-01 1.062384076045644200e+00
1.600000000000000000e-01 1.171657974305353900e+00
1.700000000000000100e-01 1.087724683594954100e+00
1.799999999999999900e-01 1.046275966651423400e+00
1.900000000000000000e-01 1.110970468586123500e+00
2.000000000000000100e-01 9.318640132540884100e-01
2.099999999999999900e-01 1.011066785934446000e+00
2.200000000000000000e-01 1.176809344329726500e+00
2.300000000000000100e-01 1.126126016310959900e+00
2.399999999999999900e-01 1.028259205062797200e+00
2.500000000000000000e-01 1.064353332367797400e+00
2.600000000000000100e-01 9.075314544361275900e-01
2.700000000000000200e-01 1.080200565068179200e+00
2.800000000000000300e-01 1.134137933250486800e+00
2.899999999999999800e-01 1.195756216057163500e+00
2.999999999999999900e-01 1.089296533887488700e+00
3.100000000000000000e-01 1.236821305016362600e+00
3.200000000000000100e-01 1.170467223230183600e+00
3.300000000000000200e-01 1.219114593493003400e+00
3.400000000000000200e-01 1.260737687287849700e+00
3.499999999999999800e-01 1.201723648731655400e+00
3.599999999999999900e-01 1.319924654140845600e+00
3.700000000000000000e-01 1.225798188870314000e+00
3.800000000000000000e-01 1.266345051822127300e+00
3.900000000000000100e-01 1.536724992247463700e+00
4.000000000000000200e-01 1.557150944706731500e+00
4.099999999999999800e-01 1.484015467897396500e+00
4.199999999999999800e-01 1.678611272868259600e+00
4.299999999999999900e-01 1.594152960630945500e+00
4.400000000000000000e-01 1.559657765727213500e+00
4.500000000000000100e-01 1.629765885055679300e+00
4.600000000000000200e-01 1.714492376341026700e+00
4.699999999999999700e-01 1.847739799199627600e+00
4.799999999999999800e-01 1.911408317483019400e+00
4.899999999999999900e-01 1.756620420516428000e+00
5.000000000000000000e-01 1.691325047843089000e+00
5.100000000000000100e-01 1.802824222395484000e+00
5.200000000000000200e-01 1.729225116787518100e+00
5.300000000000000300e-01 1.851286956549862600e+00
5.400000000000000400e-01 1.772662722491413300e+00
5.500000000000000400e-01 1.698320379120746600e+00
5.600000000000000500e-01 1.697329891367815900e+00
5.699999999999999500e-01 1.528844924886033400e+00
5.799999999999999600e-01 1.566376796444713700e+00
5.899999999999999700e-01 1.428729036850204600e+00
5.999999999999999800e-01 1.366344627422245300e+00
6.099999999999999900e-01 1.256620701479567200e+00
6.200000000000000000e-01 1.269803496914577100e+00
6.300000000000000000e-01 9.582468947989002400e-01
6.400000000000000100e-01 8.902768555250772900e-01
6.500000000000000200e-01 8.997188070734394300e-01
6.600000000000000300e-01 9.835205784870030300e-01
6.700000000000000400e-01 7.115277107182767000e-01
6.800000000000000500e-01 7.976593085621083200e-01
6.899999999999999500e-01 9.026032223756858000e-01
6.999999999999999600e-01 6.709918391705830300e-01
7.099999999999999600e-01 6.234839349813111600e-01
7.199999999999999700e-01 6.575850186612882700e-01
7.299999999999999800e-01 5.851815350970763800e-01
7.399999999999999900e-01 4.627613068635434400e-01
7.500000000000000000e-01 4.352663937997112700e-01
7.600000000000000100e-01 4.872062267214117800e-01
7.700000000000000200e-01 4.930031790213862400e-01
7.800000000000000300e-01 4.052708693900484200e-01
7.900000000000000400e-01 4.056582730236992200e-01
8.000000000000000400e-01 5.822148398586398700e-01
8.100000000000000500e-01 5.509631122375195900e-01
8.199999999999999500e-01 3.830799831627909600e-01
8.299999999999999600e-01 5.565064199482023800e-01
8.399999999999999700e-01 3.576665332738673300e-01
8.499999999999999800e-01 5.087469199537535400e-01
8.599999999999999900e-01 3.125642476149117500e-01
8.700000000000000000e-01 2.649864891111858300e-01
8.800000000000000000e-01 4.305716647123663000e-01
8.900000000000000100e-01 4.267879249171274700e-01
9.000000000000000200e-01 3.098434874996625100e-01
9.100000000000000300e-01 2.856050592068155000e-01
9.200000000000000400e-01 1.804588904888231300e-01
9.300000000000000500e-01 1.859298156667947300e-01
9.399999999999999500e-01 2.920749373815214000e-01
9.499999999999999600e-01 1.008050901589099300e-01
9.599999999999999600e-01 2.842124329496963400e-01
9.699999999999999700e-01 3.430334602183177100e-01
9.799999999999999800e-01 1.501379618999103500e-01
9.899999999999999900e-01 1.208365596300380000e-01
